exper_data_id	pop_label	data_group_name	date_str	time_str	logD	data_id	exper_duration_s	trackL	n_tracks	mean_nb_tracks	temperature	rel_humidity	location_label	env_label	T12	T13	T21	T23	T31	T32	mean_still	mean_forward	mean_backward	area.F
B201-20180323_095046_proc	N2250L546	B201	20180323	95046	2.94318313568984	N2250L546_NGM_B201	1295.893	1039.28571428571	1094	877.370717666174	23.7	25	Paris2	NGM	-2.69241402015169	-3.06070731197787	-0.0267977014707817	-3.37931167894791	0.23919902735436	-2.7453494462403	1.18747204019387	-1.433519412127	-3.14824583319159	0.0431239020935961
B201-20180323_101436_proc	PB250L482	B201	20180323	101436	2.95771102883588	PB250L482_NGM_B201	1296.068	268.819047619048	4374	907.216684838847	23.8	25	Paris2	NGM	-1.00295559995527	-2.46766181884522	-1.46461645498566	-6.10809045040155	-0.212442675332976	-3.20429202398893	-1.12414666758713	0.983466655573837	-3.58601236996516	0.0447329717719396
B201-20180323_104228_proc	N2250L544	B201	20180323	104228	2.99365716815634	N2250L544_NGM_B201	1149.702	662.979946524064	1709	985.50122432563	23.9	26	Paris2	NGM	-1.7580892136857	-2.48746977012824	-0.380746893366402	-4.86282931455649	0.0434769363035962	-3.75604890539731	0.441784383749403	-0.667927278251214	-2.89593744517079	0.0514982555685815
B201-20180323_110222_proc	N2250L574	B201	20180323	110222	2.98126115893947	N2250L574_NGM_B201	1199.912	638.821305841924	1799	957.769844129921	23.9	26	Paris2	NGM	-1.83023149725728	-2.58357088395729	-0.494608687777759	-4.81259563284301	0.058642495808536	-3.36155832664572	0.296329609564124	-0.489847371131838	-3.02011300906992	0.049734002348643
B201-20180323_112528_proc	N2250L551	B201	20180323	112528	2.84817414210042	N2250L551_NGM_B201	1213.532	549.460861056751	1557	704.975691341771	24	27	Paris2	NGM	-1.87704140597485	-2.65494179542472	-0.784776892681814	-3.38481810682511	-0.11140730160972	-1.88001704749411	0.210851550409294	-0.407831607210635	-2.98628420923889	0.0508668806156406
B201-20180323_120651_proc	PB250L457	B201	20180323	120651	3.06694191269616	PB250L457_NGM_B201	1198.474	220.050986050986	6354	1166.65356559088	24.2	28	Paris2	NGM	-1.00041917330623	-1.95349383917384	-1.47866420281659	-5.60972878379751	-0.0301114167617891	-2.78532846363011	-1.13818185741631	0.946052992746866	-3.25843524577424	0.0551697986820428
B201-20180323_130708_proc	N2250L565	B201	20180323	130708	3.00575317201273	N2250L565_NGM_B201	1295.624	623.410035842294	2106	1013.33530058402	24.4	29	Paris2	NGM	-1.9127792377798	-2.61019711455923	-0.83681116435087	-4.52615186858592	-0.333333561592718	-2.94273680918993	0.165741750946464	-0.405217445893806	-2.77663858463215	0.0545790986922141
B201-20180323_133640_proc	N2250L573	B201	20180323	133640	3.20505866532669	N2250L573_NGM_B201	1299.395	733.89590443686	2839	1603.46197476229	24.5	29	Paris2	NGM	-2.22161859693264	-2.60053262138275	-0.619820044151068	-3.89836504085781	-0.195377481896517	-2.75909552023352	0.555991106553094	-0.860988837364723	-2.62824242165998	0.0493612897130861
B201-20180323_140321_proc	PBancL0	B201	20180323	140321	3.21140630105986	PBancL0_NGM_B201	1297.325	241.59767610748	8737	1627.07023772074	24.5	30	Paris2	NGM	-0.863373146314505	-1.83314911299032	-1.57208950715712	-4.92861745495449	-0.33758665854405	-1.9249563936354	-1.2760483206718	1.02529538865834	-3.03719414823188	0.0580836196644461
B201-20180323_142909_proc	PB250L426	B201	20180323	142909	2.98202040624824	PB250L426_NGM_B201	1297.696	391.039215686275	3184	959.44571205051	24.5	30	Paris2	NGM	-1.43656966749678	-2.01701955628513	-0.966454897241841	-4.09380914807969	-0.187375227413291	-1.98266769464314	-0.413476036656086	0.121739881074279	-2.56351694935001	0.0526328165224446
B201-20180323_152503_proc	N2250L536	B201	20180323	152503	3.20481389885437	N2250L536_NGM_B201	1296.207	568.019572953737	3657	1602.55852521381	24.3	29	Paris2	NGM	-2.17536445805989	-2.8110455338584	-0.935793530923225	-4.17083117563957	-0.471060066572954	-2.69681681466902	0.34681952263266	-0.636549529467935	-2.61582369247253	0.054360923578199
B201-20180323_155335_proc	N2ancL0	B201	20180323	155335	3.06275904308886	N2ancL0_NGM_B201	1296.978	327.853958143767	4571	1155.4709815241	24.7	31	Paris2	NGM	-1.32729350759913	-2.46891745035718	-1.21907625587891	-4.82085983394145	-0.367854993375022	-2.38636564055222	-0.611063046517301	0.432388201399617	-3.13367287000442	0.0496228614025883
B201-20180323_162838_proc	N2250L575	B201	20180323	162838	2.95565544867087	N2250L575_NGM_B201	1297.125	558.253937007874	2098	902.932839813063	24.8	32	Paris2	NGM	-1.61280846016303	-2.25464593688595	-0.51848205832569	-4.01495996869287	0.0176352987336474	-2.60163696041728	0.103467556976519	-0.340093545195456	-2.78082111590426	0.0440498711569579
B201-20180323_165951_proc	PB250L476	B201	20180323	165951	3.08884627451436	PB250L476_NGM_B201	1297.318	228.086468001954	6979	1227.00483627425	25	32	Paris2	NGM	-0.857161999583613	-2.00716371752188	-1.62710814045458	-5.20901936668115	-0.20814503608279	-2.26425584249156	-1.27895085721686	1.08967981888147	-3.34833553302538	0.06291879825694
B202-20180326_095102_proc	N2250L543	B202	20180326	95102	3.27481361725313	N2250L543_NGM_B202	1228.877	468.186936936937	4942	1882.8408720664	29.3	23	Paris2	NGM	-2.0045408460888	-2.46433625407785	-1.28976054482299	-3.98390627935938	-0.609287420353456	-2.07990795128084	-0.200914071877268	-0.153700911928565	-2.333205306422	0.052889665585975
B202-20180326_101200_proc	N2250L542	B202	20180326	101200	3.18602323019794	N2250L542_NGM_B202	1198.106	580.591147786947	3167	1534.69907090129	28.8	24	Paris2	NGM	-1.80033728475163	-2.45032214362034	-0.759972764610055	-4.30598371102594	-0.305231252439529	-2.41625243535748	0.155761335152048	-0.424035736653133	-2.6565448216045	0.0462901950912524
B202-20180326_103238_proc	PBancL0	B202	20180326	103238	3.01121401983477	PBancL0_NGM_B202	1295.668	305.294930875576	4355	1026.15749093374	28.4	25	Paris2	NGM	-1.1157841921731	-2.04148562526424	-1.31332596166472	-4.98557464657507	-0.00854625579114799	-2.12735700134617	-0.983950522335689	0.799479418828956	-3.23065523590034	0.0506731231481481
B202-20180326_105446_proc	N2250L572	B202	20180326	105446	3.0968010545765	N2250L572_NGM_B202	1296.665	346.244584837545	4680	1249.68643176126	28.2	26	Paris2	NGM	-1.52519926355118	-2.40279929511166	-1.64924476834383	-5.03371378605297	-0.398690208456839	-2.61624754684133	-0.955298802527133	0.758666760380884	-3.14938906807303	0.0518781509262623
B202-20180326_115158_proc	N2ancL0	B202	20180326	115158	3.01223548365137	N2ancL0_NGM_B202	1227.759	754.385194479297	1674	1028.57386144866	27.8	26	Paris2	NGM	-1.80844773608956	-2.35743642791076	-0.445030625924165	-4.28642611481699	-0.0723643434664857	-2.98989167714969	0.395953343531459	-0.696084040420473	-2.59278884996954	0.0477266739010989
B202-20180326_121305_proc	PB250L462	B202	20180326	121305	3.10809790521043	PB250L462_NGM_B202	1297.809	188.98676056338	8808	1282.61969753812	27.4	23	Paris2	NGM	-0.768773836400232	-1.70703704284807	-2.15556880490486	-5.9668493427165	-0.296506618148545	-1.75867868806657	-2.01640280696533	1.79910679119365	-3.68560138380569	0.0566588871718488
B202-20180326_123827_proc	PB250L458	B202	20180326	123827	3.14077554042293	PB250L458_NGM_B202	1297.841	192.174896049896	9339	1382.85148505093	27.1	24	Paris2	NGM	-0.909451737847027	-1.8556450995088	-2.25852551393785	-5.55930036899764	-0.344294448835219	-1.87110918009934	-2.02087277184739	1.80668619999357	-3.70496780459145	0.0532145002148505
B202-20180326_130823_proc	PB250L448	B202	20180326	130823	3.25934290119898	PB250L448_NGM_B202	1297.761	148.589478941235	15869	1816.9496858963	26.9	22	Paris2	NGM	-0.726960723018391	-1.70336211687418	-2.460608889289	-5.65348222166425	-0.626148069376619	-1.521121803713	-2.364184095761	2.1155345729546	-3.81080736968379	0.0533024543894767
B202-20180326_134915_proc	PB250L475	B202	20180326	134915	3.1506067863985	PB250L475_NGM_B202	1223.488	214.53316680544	8067	1414.51248939056	26.8	22	Paris2	NGM	-1.28780669003442	-2.13345838427862	-2.52774581783529	-5.76403245863488	-0.711103206368157	-3.48673778972207	-1.93700542698805	1.65947798836193	-3.35123112400223	0.0437186529066465
B202-20180326_141027_proc	N2250L545	B202	20180326	141027	2.79711198935782	N2250L545_NGM_B202	1293.909	846.545321637427	958	626.775467307712	26.8	22	Paris2	NGM	-1.56220370779072	-2.73461556274287	-0.176610994461768	-4.60205858849794	0.0186376142791215	-3.06170215291212	0.606034616048188	-0.789289733206912	-3.16143440303737	0.0450522040389972
B202-20180326_143359_proc	PB250L423	B202	20180326	143359	3.08298740781544	PB250L423_NGM_B202	1199.248	183.211168164313	7924	1210.5630332792	26.9	22	Paris2	NGM	-0.911114147459858	-1.76339516577143	-2.05736698006736	-5.44423383427003	-0.245727593419782	-1.96687590579285	-1.80574541623584	1.59317868652751	-3.55511655294825	0.0583281449275362
B202-20180326_145439_proc	PB250L414	B202	20180326	145439	3.28557761080636	PB250L414_NGM_B202	1297.897	146.726311150286	17073	1930.09022308307	26.7	23	Paris2	NGM	-0.789828668796455	-1.56541150899062	-2.18626122025115	-5.09968224455246	-0.585415317152841	-1.30615799952052	-2.0859758220981	1.80223402677941	-3.43855716098368	0.0614816218433641
B202-20180326_163544_proc	PB250L488	B202	20180326	163544	3.16441925019483	PB250L488_NGM_B202	1297.373	184.482829847663	10269	1460.22322008062	26.2	23	Paris2	NGM	-1.15592097650576	-2.2340769306817	-2.24683935058036	-5.38755802102007	-0.396959450133886	-2.0524131622661	-1.83314407276618	1.64250243338732	-3.69433797371634	0.0549140981955856
B203-20180330_105917_proc	N2250L514	B203	20180330	105917	3.0847066254259	N2250L514_NGM_B203	1243.584	252.195581546459	5993	1215.3647202022	24.9	30	Paris2	NGM	-1.41587773578316	-2.3642210326059	-1.87856370070215	-6.19714469119898	-0.48040588745056	-3.56553436931649	-1.23568681731232	1.04496340708969	-3.31660870478749	0.0593453313569682
B203-20180330_112104_proc	PB250L425	B203	20180330	112104	3.39466883443605	PB250L425_NGM_B203	1201.226	101.37858559154	29400	2481.24034643878	25	30	Paris2	NGM	-1.01472018305046	-2.31565336330516	-3.02170043981018	-5.05197662224912	-1.33806932495033	-0.518646569709196	-3.44160019945386	3.16043102163909	-4.62985821909577	0.0621118538230702
B203-20180330_114152_proc	N2250L503	B203	20180330	114152	3.21304533095751	N2250L503_NGM_B203	1296.633	212.940178571429	9945	1633.22241211882	25.2	30	Paris2	NGM	-1.22615529695899	-1.74086370783037	-1.96005579330884	-3.92756808526697	-0.771228798673138	-1.32141145952828	-1.577565776346	1.1181767369045	-2.50929494973223	0.0487373327707454
B203-20180330_131930_proc	PB250L479	B203	20180330	131930	3.32804129020029	PB250L479_NGM_B203	1297.673	132.821542383684	20794	2128.34138671786	25.2	30	Paris2	NGM	-0.862384320026079	-1.97478362094476	-2.80265764614854	-5.09429707478998	-1.10234559400013	-2.00620408375922	-2.73770218351724	2.32691812960289	-3.54227347776313	0.0532843083814803
B203-20180330_134151_proc	N2250L593	B203	20180330	134151	3.43299839535101	N2250L593_NGM_B203	1274.242	129.196679592826	26730	2710.1816181826	25.2	29	Paris2	NGM	-0.570408328441495	-1.99735243428944	-2.94867727834282	-5.22526118125467	-1.57156104986696	-1.78680306947199	-3.1340650577437	2.63327306442521	-3.65117495098945	0.053026610802905
B203-20180330_140355_proc	PBancL0	B203	20180330	140355	3.2503389329717	PBancL0_NGM_B203	1296.823	170.162507090187	13563	1779.6677601062	25.3	29	Paris2	NGM	-1.18480772304364	-2.00344105276855	-1.91773666840954	-3.83046333590666	-0.863963189917067	-1.00781547328874	-1.42610153437735	1.12313514622267	-2.90873650998325	0.050625801861544
B203-20180330_150835_proc	N2250L508	B203	20180330	150835	2.65335134633452	N2250L508_NGM_B203	1214.8	423.57457846952	1291	450.143876197029	25.3	30	Paris2	NGM	-1.31608869110486	-2.26262605175979	-1.24991506145418	-6.36327706884151	-0.112408859616794	-4.66662113180047	-0.570393947991332	0.378520531845696	-3.04721533194496	0.0485250688745604
B203-20180330_152932_proc	N2250L585	B203	20180330	152932	3.09037845607903	N2250L585_NGM_B203	1296.079	393.858745537991	4052	1231.3413278974	25.3	30	Paris2	NGM	-1.57042558260487	-2.08871001569157	-1.21448329972609	-5.34193754609309	-0.490453189594419	-3.40637330798269	-0.537137200331743	0.172773526812415	-2.33755640598573	0.0599661586042823
B203-20180330_155155_proc	PB250L442	B203	20180330	155155	2.25670184277037	PB250L442_NGM_B203	1194.304	641.914893617021	336	180.593386822215	25.4	29	Paris2	NGM	0.00533718025099577	-2.26986104075183	-0.412726184351426	-6.59519792105343	-0.0434318198721912	-4.26628957914637	-0.700186929243038	0.567470086794948	-3.47438154369577	0.0404473326848249
B203-20180330_161229_proc	N2ancL0	B203	20180330	161229	3.18488366515184	N2ancL0_NGM_B203	1296.551	254.403447175231	7801	1530.67738285187	25.5	29	Paris2	NGM	-1.43449237016886	-2.274353597826	-1.3578618895851	-4.37979060815564	-0.690049791278812	-1.82317648426762	-0.698042585143074	0.414925642215755	-2.65820199326823	0.0496229440305288
B203-20180330_165705_proc	N2250L555	B203	20180330	165705	3.18623359802493	N2250L555_NGM_B203	1296.416	205.340665383558	9694	1535.44264358679	25.5	29	Paris2	NGM	-1.35431173586756	-2.08707342561335	-1.68793279882401	-5.24846504857081	-0.650004419751903	-2.64812780741904	-1.09276167544575	0.794794794653134	-2.75080029072776	0.0626264886196168
B204-20180402_101347_proc	PB250L461	B204	20180402	101347	3.04731931931471	PB250L461_NGM_B204	1198.071	178.155207624234	7499	1115.11413094394	25.4	25	Paris2	NGM	-0.682137133780304	-1.40714236089488	-1.72049567033574	-5.1248324096313	-0.394465265122673	-1.98683631474212	-1.78123032210444	1.42370759172905	-2.94591938850266	0.0695211007405794
B204-20180402_103410_proc	PB250L446	B204	20180402	103410	3.2450999257404	PB250L446_NGM_B204	1200.048	150.13007213706	14055	1758.32813677985	25	24	Paris2	NGM	-0.84930091775227	-1.56327679547437	-2.12279908890621	-4.60002409773599	-0.692572936284299	-1.61978235529598	-2.05732962386044	1.6668468859938	-3.04275789457886	0.0606903591895558
B204-20180402_105449_proc	N2250L582	B204	20180402	105449	2.87492478916514	N2250L582_NGM_B204	1196.848	536.694956949569	1672	749.764354387257	24.7	24	Paris2	NGM	-1.5972413005447	-2.37146222320905	-0.758136849534953	-5.96830473980792	-0.0455000695102196	-4.37223134138849	-0.202109550412094	0.0111966060275974	-2.99710196306688	0.0469264431216931
B204-20180402_111515_proc	PB250L470	B204	20180402	111515	2.98790413505339	PB250L470_NGM_B204	1199.802	201.319266689727	5796	972.532525978167	24.4	25	Paris2	NGM	-0.691305246718094	-1.79490635318334	-1.9724797681128	-6.34197839579712	-0.370324382860852	-3.42028835052865	-1.8291177961475	1.58220820176962	-3.40499985352198	0.0546399833704253
B204-20180402_113556_proc	PB250L435	B204	20180402	113556	2.99139210953319	PB250L435_NGM_B204	1297.654	276.562433297759	4600	980.37473253247	24.6	25	Paris2	NGM	-1.0040223627475	-1.73582136797474	-1.25472851563884	-4.49404334512366	-0.425758744389235	-2.48240645574112	-1.12678828762212	0.716189670900834	-2.39599907051266	0.0700750992310509
B204-20180402_115813_proc	N2250L554	B204	20180402	115813	2.95250976521201	N2250L554_NGM_B204	1197.326	268.930742401594	3991	896.416341852397	24.4	25	Paris2	NGM	-1.0011742917213	-2.1942928537459	-1.33474399029129	-4.09716672435743	-0.309396596480936	-1.68798083052623	-0.946055012484417	0.71873824143505	-2.98753891520182	0.0579039343434343
B204-20180402_121846_proc	N2250L552	B204	20180402	121846	3.08926263699258	N2250L552_NGM_B204	1197.416	257.781677301732	5705	1228.18174219017	24.4	25	Paris2	NGM	-0.934327949057917	-1.46702971035298	-1.56362748469984	-4.33909063920718	-0.608867773362163	-2.30280184590595	-1.37809572437596	0.839492803452396	-2.19360086342727	0.0628232572715776
B204-20180402_123919_proc	N2250L516	B204	20180402	123919	3.19530375068832	N2250L516_NGM_B204	1197.27	467.763888888889	4013	1567.84725760364	24.2	25	Paris2	NGM	-2.01008071661568	-2.45745991269482	-1.18905287732484	-4.3304608623623	-0.587334318368882	-2.7964877275646	-0.0745235177002358	-0.282858214242545	-2.32752238214583	0.046358863379397
B204-20180402_130000_proc	PBancL0	B204	20180402	130000	3.04891124861111	PBancL0_NGM_B204	1196.619	214.557341124909	6242	1119.20914117332	24.3	25	Paris2	NGM	-1.21817063886748	-2.06281184973553	-1.38140698301858	-4.69766220034547	-0.426722954956736	-2.01826375530488	-1.06187435524738	0.805344804379215	-2.90449207728847	0.0511561796363226
B204-20180402_132028_proc	N2250L567	B204	20180402	132028	2.98982240781319	N2250L567_NGM_B204	1198.089	408.780471821756	2863	976.837689708935	24.4	25	Paris2	NGM	-1.32891723531633	-2.11221335367591	-0.86182650617947	-5.14635316420472	-0.252009053435579	-3.36787877790333	-0.250220231339404	-0.0572406189459713	-2.49035708164863	0.0473901765667575
B204-20180402_134119_proc	PB250L451	B204	20180402	134119	2.77996760767884	PB250L451_NGM_B204	1205.318	273.118370484243	2659	602.514645195377	24.4	25	Paris2	NGM	-0.909187405082454	-1.43757765695482	-1.05713662982516	-4.74245335604012	-0.0475769304779638	-2.93272791275379	-0.947319671146812	0.568167000808871	-2.41235095376558	0.044256963882283
B204-20180402_140157_proc	N2ancL0	B204	20180402	140157	2.911980343902	N2ancL0_NGM_B204	1297.146	211.962901208837	4997	816.545413808899	24.6	26	Paris2	NGM	-0.925580624438168	-1.91603981572141	-1.35696153908136	-5.29606885015843	-0.0435140623119278	-2.53188966245616	-1.17494268444735	0.976304169080514	-3.24068653858708	0.0556071385274985
B205-20180604_100026_proc	PB250L453	B205	20180604	100026	2.68034480941826	PB250L453_NGM_B205	1265.506	305.847804878049	1982	479.010253027874	28.2	45	Paris2	NGM	-0.989653094358288	-1.53560854018021	-1.43005417342014	-5.07012992743691	0.226280671474715	-2.46727061369532	-1.31359365365733	1.07201542298584	-3.09935476089705	0.0448309912414318
B205-20180604_102203_proc	N2250L529	B205	20180604	102203	3.21084876259534	N2250L529_NGM_B205	1211.04	156.382640144665	12584	1624.98277809195	28	46	Paris2	NGM	-1.58887708644216	-2.21871953085042	-2.33679335644786	-4.27042032006049	-0.819911966336804	-1.45055088602902	-1.58133786241674	1.30609787163245	-3.11397534553447	0.059673291207684
B205-20180604_110345_proc	PB250L472	B205	20180604	110345	2.70724060055012	PB250L472_NGM_B205	1232.331	222.85736196319	2818	509.613120186273	28.2	47	Paris2	NGM	-0.935889559548482	-1.76571887852094	-2.13891647430071	-5.43585428716554	-0.0425364847358004	-2.25759628698445	-1.94824452384791	1.73738355244197	-3.66764439173427	0.0489129781582054
B205-20180604_112442_proc	PBancL0	B205	20180604	112442	2.61823462537449	PBancL0_NGM_B205	1298.422	290.764084507042	1854	415.178280001461	28.4	46	Paris2	NGM	-1.1457114777592	-1.73884855331805	-1.11240493181626	-3.98061249390532	0.220277288018818	-1.67946335524586	-0.899522882262311	0.682687684528923	-3.02039060134401	0.0488039625
B205-20180604_115002_proc	N2250L513	B205	20180604	115002	3.13489973155142	N2250L513_NGM_B205	1297.129	234.730301842415	7539	1364.26812259225	28.4	46	Paris2	NGM	-1.506892329472	-1.76428639508346	-1.54313207260089	-3.55655154552486	-0.79608324270166	-1.71953283577728	-0.896965074709351	0.389099359447673	-2.04795128917151	0.0644851957572503
B205-20180604_121453_proc	PB250L432	B205	20180604	121453	2.82101227271567	PB250L432_NGM_B205	1198.049	274.719612229679	2888	662.235217523919	28.5	46	Paris2	NGM	-1.16785433409504	-1.82868757532791	-1.60988974321801	-4.99490327778924	0.042766742426006	-2.58619734523437	-1.44898810571779	1.2060734440998	-3.17184242464805	0.0481993002149877
B205-20180604_123532_proc	N2250L584	B205	20180604	123532	3.37256254627835	N2250L584_NGM_B205	1234.003	161.481946279172	18020	2358.10178091194	28.6	46	Paris2	NGM	-1.22271214975391	-1.75885691232468	-2.13489274107394	-3.94865630233665	-1.15695266060986	-1.16936942837247	-1.71435176142563	1.28605283494428	-2.68404298947585	0.0565049400101977
B205-20180604_131707_proc	N2ancL0	B205	20180604	131707	3.01666918264007	N2ancL0_NGM_B205	1297.67	255.435812060673	5279	1039.12832374047	28.7	46	Paris2	NGM	-1.17479879481834	-2.02993958565171	-1.20995349682561	-4.34528122919655	-0.449757803281906	-1.79203111852883	-0.823982315415431	0.538094064103623	-2.68754879445461	0.0513917601710288
B205-20180604_143240_proc	N2250L590	B205	20180604	143240	3.02605076750199	N2250L590_NGM_B205	1295.998	241.635851183766	5695	1061.8196729405	28.9	46	Paris2	NGM	-1.2479207619633	-1.77414276760275	-0.941478305265809	-3.37128590407842	-0.500530813764832	-1.59993233781748	-0.553104676946583	0.110645003430835	-2.1194309217048	0.0485191611186594
B205-20180604_145645_proc	PB250L449	B205	20180604	145645	3.1899751959751	PB250L449_NGM_B205	1297.989	121.787963161277	16506	1548.72816328954	29	46	Paris2	NGM	-0.879571688622175	-1.502990492749	-2.59247853030542	-4.22280616126111	-0.658014942292172	-0.873503930351509	-2.62287541025576	2.25516374949483	-3.5760416629276	0.062187843022708
B205-20180604_152413_proc	N2250L597	B205	20180604	152413	3.23969019780619	N2250L597_NGM_B205	1198.554	141.733937562941	14685	1736.56161767578	29.1	45	Paris2	NGM	-0.903138353218764	-1.786270774835	-1.99800020925483	-4.59973681926918	-0.831553385579388	-1.35328089401395	-1.87129806562588	1.52744976635591	-3.0556185177902	0.0611143340170161
B205-20180604_161046_proc	N2250L547	B205	20180604	161046	3.07116902404407	N2250L547_NGM_B205	1201.325	169.998581224876	8325	1178.06437783039	29.2	44	Paris2	NGM	-0.385870001665397	-1.55171020413448	-1.90516453525884	-5.57293151443865	-0.551790466168345	-1.79745749044085	-2.12700666214138	1.81447157354622	-3.3590804290813	0.0563100378877776
B206-20180608_093137_proc	N2250L566	B206	20180608	93137	3.25318853291509	N2250L566_NGM_B206	1271.687	337.243362831858	6755	1791.38334820534	29.1	44	Paris2	NGM	-1.85763776741593	-2.30962534596743	-1.17382187245074	-3.57834192081496	-0.59625141479026	-1.77936823303103	-0.301096003828296	-0.0399971731805626	-2.38002815677193	0.0479763274051086
B206-20180608_095340_proc	N2ancL0	B206	20180608	95340	3.22791809380824	N2ancL0_NGM_B206	1297.605	255.965330788804	8568	1690.12215134688	28.8	46	Paris2	NGM	-1.6013419888225	-2.27155251346135	-1.46588894976077	-4.18628746873928	-0.695124350448751	-1.69696751559354	-0.701146900767203	0.409311310272869	-2.62543539564708	0.0503430536035226
B206-20180608_101654_proc	PB250L436	B206	20180608	101654	3.07882598480686	PB250L436_NGM_B206	1224.081	164.650673677292	8914	1199.0187782993	28.2	47	Paris2	NGM	-0.837114245512996	-1.59830445681386	-1.93042050730009	-5.13626526979701	-0.197512900607211	-1.5636632995555	-1.82904719769688	1.59364794291937	-3.45839597086785	0.0520826347957482
B206-20180608_103748_proc	N2250L548	B206	20180608	103748	2.99426688569204	N2250L548_NGM_B206	1297.108	342.822020309995	3734	986.885767289632	28.2	48	Paris2	NGM	-1.64458502070952	-2.62263489602601	-1.57352586194599	-6.15063055176564	-0.322326434640223	-3.51717371445637	-0.837154861546794	0.69098367628068	-3.41987886594232	0.0495270138888889
B206-20180608_112750_proc	N2250L505	B206	20180608	112750	3.1934891926252	N2250L505_NGM_B206	1198.916	142.749924585219	13113	1561.31018443825	28.2	48	Paris2	NGM	-1.46791363803554	-2.23881320526874	-3.08946707440575	-4.51117254023827	-1.46721586206646	-0.757915375283182	-2.72898831192956	2.396179201659	-3.78612641908215	0.0557804779774066
B206-20180608_114815_proc	N2250L558	B206	20180608	114815	3.17938816461768	N2250L558_NGM_B206	1220.628	178.250658472344	10350	1511.43044005935	28.2	48	Paris2	NGM	-1.62363038591434	-2.28174042153714	-2.07471583128537	-4.28578667931322	-0.723725684481209	-1.66062367940377	-1.3089579413099	1.04150234943971	-2.98301883619976	0.0612744583253497
B206-20180608_120901_proc	N2250L586	B206	20180608	120901	2.93189225926677	N2250L586_NGM_B206	1296.699	325.451885199775	3406	854.854612358329	28.3	48	Paris2	NGM	-1.55307012759883	-2.30015585293143	-1.22004104614491	-4.81187229126968	-0.296007218207344	-2.51038519645905	-0.524149112068829	0.288222968664343	-2.81429776832396	0.0495886256597645
B206-20180608_123446_proc	PB250L459	B206	20180608	123446	3.22216861764616	PB250L459_NGM_B206	1298.605	169.21377672209	12800	1667.89465776179	27.9	50	Paris2	NGM	-0.997739589666469	-2.05547278993596	-2.17390288828128	-4.35754660554057	-1.17167927248619	-1.94256685088871	-1.98898966064773	1.55426217562034	-2.86115148028417	0.0464655272141486
B206-20180608_125807_proc	PB250L416	B206	20180608	125807	3.63390529990535	PB250L416_NGM_B206	1298.638	127.550272798129	43824	4304.32742234959	28.2	49	Paris2	NGM	-1.47899511434844	-2.36502949769606	-2.46210420366004	-3.78229331125353	-1.1663413819045	-1.00144648836155	-1.77616649787594	1.44799649961047	-3.04271668660758	0.0427620287006094
B206-20180608_133131_proc	N2250L526	B206	20180608	133131	2.43111769578027	N2250L526_NGM_B206	1231.877	264.03367003367	1259	269.84706311782	28.1	49	Paris2	NGM	-1.48034615578408	-2.3744618947243	-0.615790248616469	-4.3058291169996	0.145265646228241	-2.42963701977864	-0.298145700771754	0.129321213090812	-3.13456379837969	0.0377602995391705
B206-20180608_135240_proc	PB250L456	B206	20180608	135240	3.17527062740474	PB250L456_NGM_B206	1198.072	128.003670686943	14013	1497.16831487267	28	50	Paris2	NGM	-0.768559426077362	-1.47215711466979	-2.28176492987686	-3.56860056197165	-0.558913927744542	-0.69357044109768	-2.24235297373414	1.83645729473423	-3.14068985592799	0.0529707039352914
B206-20180608_141314_proc	N2250L511	B206	20180608	141314	3.26368484547656	N2250L511_NGM_B206	1296.255	272.496573962112	8730	1835.20610581193	28	49	Paris2	NGM	-1.62941587917646	-1.92284622250868	-1.41201642144956	-3.86291511286608	-0.780011398700806	-2.08438574035489	-0.655087140389954	0.166806565715334	-2.02550748730011	0.0538979043964077
B206-20180608_154559_proc	PB250L445	B206	20180608	154559	2.81850245233486	PB250L445_NGM_B206	1199.814	114.291161956034	6912	658.419147834671	28.2	48	Paris2	NGM	-0.816918418875681	-1.48118496991247	-2.03815842272883	-4.98763651778081	-0.0231981732361145	-1.78834095187009	-2.06409294134375	1.82876423882571	-3.63325490148894	0.0582362396873358
B206-20180608_160643_proc	N2250L502	B206	20180608	160643	3.20976235234688	N2250L502_NGM_B206	1197.766	221.252001524971	8775	1620.92287924488	28.5	47	Paris2	NGM	-1.61192786074091	-2.2285094030034	-1.80721612894817	-3.83348565518704	-0.805167966472778	-1.60208881133131	-1.15340006199475	0.774985369955936	-2.50464681030923	0.0556506755535872
B206-20180608_164851_proc	PBancL0	B206	20180608	164851	2.76085989305842	PBancL0_NGM_B206	1297.676	291.815358067299	2564	576.580423838119	29.3	45	Paris2	NGM	-1.07674506375214	-1.82940073282388	-0.950429818777203	-4.13523406530167	0.252833116562135	-2.07574349654926	-0.938243808775286	0.71001718709686	-2.9799523440061	0.047552105734767
B207-20180611_111428_proc	PB250L455	B207	20180611	111428	3.04088049245378	PB250L455_NGM_B207	1197.574	171.997215454229	7650	1098.70346068373	27.8	52	Paris2	NGM	-0.84967102290723	-1.63699988330097	-1.71901113262071	-4.76352590058951	-0.514161320323901	-1.83269575711338	-1.60053683951833	1.26508544473313	-2.89920036497857	0.0588414552014432
B207-20180611_113457_proc	N2250L587	B207	20180611	113457	3.0839803574963	N2250L587_NGM_B207	1157.732	245.151058631922	5730	1213.33397190448	27.8	52	Paris2	NGM	-1.34868717777284	-2.04966508761404	-1.43111951914173	-5.16957618515715	-0.455724086721595	-2.71217160560729	-0.89168549781922	0.612575914875889	-2.73902112494103	0.059976416802168
B207-20180611_115445_proc	N2250L523	B207	20180611	115445	3.19949168918264	N2250L523_NGM_B207	1248.319	315.173525037184	6270	1583.03927280058	27.9	52	Paris2	NGM	-1.67747637023612	-2.35132804702187	-1.36984154955065	-5.0981919047466	-0.540286759535749	-2.92249041795816	-0.536993872205752	0.281892670732002	-2.73215069248173	0.0572013597465582
B207-20180611_121601_proc	N2250L520	B207	20180611	121601	3.28301527046834	N2250L520_NGM_B207	1207.908	227.332693691533	10195	1918.73620522852	27.9	52	Paris2	NGM	-1.26569138874893	-1.6634552371982	-1.45324225270278	-3.6040817234391	-0.746609461058441	-1.41412905600525	-1.07089264508105	0.599245313914942	-2.20521666309408	0.0437701577755042
B207-20180611_123635_proc	PB250L486	B207	20180611	123635	2.97460004605091	PB250L486_NGM_B207	1198.263	145.493294671983	7768	943.191864400354	27.8	52	Paris2	NGM	-0.548678692288575	-1.29874497468976	-1.9046267605104	-5.2123002013517	-0.162979534477129	-2.07732662719879	-2.0251476501227	1.71957070183491	-3.30679816432122	0.06157996073453
B207-20180611_125657_proc	PB250L492	B207	20180611	125657	2.92516860534226	PB250L492_NGM_B207	1197.134	202.951431049436	4965	841.721858338708	27.7	53	Paris2	NGM	-0.77392699879532	-1.51288307794295	-1.8754185610253	-5.72147300331147	-0.0838355037876866	-2.84281916048201	-1.85643290865397	1.58995427516216	-3.33858486883346	0.0598009690553746
B207-20180611_131721_proc	N2250L531	B207	20180611	131721	2.90792243276455	N2250L531_NGM_B207	1295.56	748.069293478261	1401	808.951403380039	27.8	53	Paris2	NGM	-1.23082062299317	-1.88272730420744	-0.518334963669114	-6.76089201597071	-0.139122706466681	-5.37973790353733	-0.16098316563453	-0.19586429905744	-2.32628605347617	0.0544454406094527
B207-20180611_140003_proc	N2250L530	B207	20180611	140003	3.06836473419125	N2250L530_NGM_B207	1196.856	217.733663016602	6434	1170.4819860107	27.8	52	Paris2	NGM	-1.22301759748854	-1.89085520502899	-1.58709684438203	-5.18780300276069	-0.455169408656554	-2.63315937626722	-1.17091397753835	0.87918102983482	-2.81240130450679	0.0598521014305816
B207-20180611_142028_proc	PB250L480	B207	20180611	142028	2.84543737482872	PB250L480_NGM_B207	1198.24	223.726978998384	3752	700.547156831635	27.8	52	Paris2	NGM	-0.865654209945736	-2.15824875432849	-2.19007358000504	-6.00939152715715	-0.367850402886846	-2.26374931701923	-2.06893695213488	1.87335734010784	-3.84196637463407	0.0557643248440748
B207-20180611_150104_proc	PB250L430	B207	20180611	150104	3.2044109754512	PB250L430_NGM_B207	1198.429	144.769248137277	13254	1601.07241631458	27.8	52	Paris2	NGM	-0.568327540693177	-1.67490881996909	-2.11623994589632	-5.18499298280835	-0.528682110705773	-1.20770491309864	-2.13161163679034	1.89469268283382	-3.67809237997918	0.0546144677398074
B207-20180611_152121_proc	PB250L420	B207	20180611	152121	3.00032204110509	PB250L420_NGM_B207	1198.852	180.195450716091	6658	1000.74180204707	27.8	53	Paris2	NGM	-0.123522811247549	-1.34481773020989	-1.24839377409368	-3.39565855156144	0.0752263763102811	-0.876768849231208	-1.45527385450947	1.17799860652952	-3.0269977128755	0.0565151799234588
B207-20180611_154145_proc	N2ancL0	B207	20180611	154145	3.01717552205143	N2ancL0_NGM_B207	1250.257	381.211325160537	3412	1040.34053914335	27.9	52	Paris2	NGM	-1.30332826151952	-2.16346734780623	-0.947552299595091	-5.37391649222397	-0.170225396452568	-2.95861519774991	-0.503252399043697	0.26333076549928	-2.79180806409534	0.0538371567715784
B207-20180611_160302_proc	PBancL0	B207	20180611	160302	2.36074167911663	PBancL0_NGM_B207	1297.59	225.411646586345	1321	229.478329164499	28	51	Paris2	NGM	-0.596123174774025	-1.871279742682	-0.750641924929651	-4.97265392119547	0.638111263314248	-2.16618785902332	-0.937483148421397	0.818057736952825	-3.67316061895877	0.0417643850993377
B207-20180611_162512_proc	N2250L577	B207	20180611	162512	2.98430734177239	N2250L577_NGM_B207	1296.742	277.260557432432	4511	964.511348115279	28	52	Paris2	NGM	-1.11292813118934	-1.87475758996695	-1.45251975958087	-5.83947064607734	-0.444004709343753	-3.36892503662155	-1.09586756392359	0.784650075067635	-2.70288104878487	0.063561151459854
B207-20180611_171912_proc	N2250L524	B207	20180611	171912	3.23818932291054	N2250L524_NGM_B207	1177.06	285.172257821334	7143	1730.57060610147	28	52	Paris2	NGM	-1.68342417976192	-2.0607817640981	-1.55794437870306	-3.96867335603548	-0.659403226592707	-1.82869665963289	-0.862441785403435	0.507162151964834	-2.45560571492858	0.0492887923346128
B207-20180611_173916_proc	N2250L578	B207	20180611	173916	3.50194349946934	N2250L578_NGM_B207	1298.323	119.024275118004	34649	3176.460794859	28.1	52	Paris2	NGM	-1.00636901683097	-1.61146818006549	-2.36090732369065	-3.80120120753141	-1.03044452884699	-1.21687376278608	-2.06331073026377	1.56621852282008	-2.75079371606819	0.0553237995376344
B208-20180615_105505_proc	PB250L496	B208	20180615	105505	2.02015356909872	PB250L496_NGM_B208	1240.674	539.255033557047	241	104.749888437453	26.8	41	Paris2	NGM	-1.05612305393436	-2.09693210926387	-1.66816324217468	-5.79051072832288	0.144907674132382	-3.23298901422119	-1.73424797174045	1.62567197398302	-4.22749627231179	0.0430552943037975
B208-20180615_111618_proc	PBancL0	B208	20180615	111618	3.05907261195213	PBancL0_NGM_B208	1167.658	192.156133828996	6962	1145.70448172108	26.7	42	Paris2	NGM	-0.682960155313167	-1.66519281000135	-1.35380132543322	-5.45507853770455	-0.0896806379440192	-2.3167213047372	-1.31798499606337	1.08178869052834	-3.12683176168821	0.0519825076631259
B208-20180615_113614_proc	PB250L483	B208	20180615	113614	3.33839422629492	PB250L483_NGM_B208	1237.935	107.777256740914	25036	2179.6874632073	26.8	41	Paris2	NGM	-0.832593184366369	-1.89775218746954	-2.98440815592029	-4.7833204154695	-1.13423650765003	-0.43619310118277	-3.36654138494888	3.06172788863178	-4.46657139015604	0.0591118084221993
B208-20180615_115723_proc	PB250L490	B208	20180615	115723	3.18287778493534	PB250L490_NGM_B208	1167.872	129.958934112064	13692	1523.62392955939	26.6	42	Paris2	NGM	-0.310442609736069	-1.90785431939109	-2.90023903895918	-6.33139622883371	-0.780393175816761	-2.06600993826898	-3.29025438508472	3.06976998469306	-4.76336889130123	0.0541142818255007
B208-20180615_121730_proc	PB250L494	B208	20180615	121730	3.2346510584852	PB250L494_NGM_B208	1176.865	125.092730137295	16149	1716.52865790653	26.4	42	Paris2	NGM	-0.952614211799156	-1.68630628431942	-2.25251612124049	-5.07304391447557	-0.434373900945311	-1.31231211117473	-2.06592167910979	1.82986017121071	-3.63118291907603	0.0544817506534524
B208-20180615_125711_proc	PB250L406	B208	20180615	125711	3.37635821736792	PB250L406_NGM_B208	1171.965	716.124373956594	3893	2378.80157497282	26.5	43	Paris2	NGM	-2.06427385098979	-2.40282885135542	-0.696299721086657	-4.05002959336107	-0.524944080163314	-2.7366458865134	0.431826884797146	-0.917658368351071	-2.10869154481495	0.0491622916666667
B208-20180615_131709_proc	PB250L484	B208	20180615	131709	3.53506527779373	PB250L484_NGM_B208	1171.396	94.7451149425287	42385	3428.19311047595	26.6	42	Paris2	NGM	-0.806936829401926	-1.98034433946994	-2.79089617744453	-4.05746752249935	-1.48380878500008	-0.313129579119049	-3.12070652957313	2.69161548780286	-3.83190417962948	0.0469537597749671
B208-20180615_133706_proc	N2250L550	B208	20180615	133706	2.72823264232846	N2250L550_NGM_B208	1166.006	1232.48859934853	506	534.850790879599	26.8	42	Paris2	NGM	-2.56481635097569	-3.56427929173337	-0.140650758514701	-2.69941916790834	0.102065782606086	-1.45493447934369	1.0983685501338	-1.25453443232282	-3.54240335884384	0.0370791155660377
B208-20180615_135713_proc	PB250L495	B208	20180615	135713	3.04278623533055	PB250L495_NGM_B208	1722.308	139.87545620438	13588	1103.53531360541	26.8	41	Paris2	NGM	-0.659677311032163	-1.32996488907936	-2.24589590912317	-4.27215278054873	-0.656368707704214	-1.33178589650271	-2.26296311109376	1.8305814185452	-3.08018890436298	0.0639367379581767
B208-20180615_144637_proc	PB250L487	B208	20180615	144637	3.18136820919593	PB250L487_NGM_B208	1206.951	122.825636942675	14920	1518.33711822991	27	42	Paris2	NGM	-0.530371850671828	-1.74366711690843	-2.70994712941865	-5.61884490810578	-0.79638815703383	-1.87870963894854	-2.95613146850392	2.62925710987818	-4.00879439108686	0.0549299718575357
B208-20180615_150714_proc	N2ancL0	B208	20180615	150714	3.14263496408707	N2ancL0_NGM_B208	1199.148	248.412671806906	6704	1388.78483039082	27.1	41	Paris2	NGM	-1.24608833601068	-1.99900149194408	-1.27095689594379	-4.84526542037899	-0.439051449303872	-2.20064662854818	-0.778365158559762	0.484705399734343	-2.64223378836866	0.056143799275529
B208-20180615_161045_proc	PB250L407	B208	20180615	161045	3.41524998125879	PB250L407_NGM_B208	1170.395	138.963396289487	21912	2601.65665394609	27.5	41	Paris2	NGM	-0.991932714574485	-2.25370644740787	-2.50870344132284	-4.88735418316312	-1.05101150099925	-2.22551499671109	-2.29683217479303	1.92082712422139	-3.27657229571806	0.047135787286203
B208-20180615_170949_proc	PB250L466	B208	20180615	170949	3.14381710557315	PB250L466_NGM_B208	1155.112	133.780320968166	12024	1392.57022636873	27.8	39	Paris2	NGM	-0.263000144231243	-1.18571148708179	-2.13781729253374	-3.75538949617777	-0.789516530130299	-1.29752210523864	-2.35388439836618	1.73740344556867	-2.701489334965	0.0500097806418219
B208-20180615_172928_proc	PB250L474	B208	20180615	172928	3.16193990989794	PB250L474_NGM_B208	1148.155	159.41651959054	10457	1451.91071358682	28	39	Paris2	NGM	-0.895353451567454	-1.42966360312221	-1.76633751028855	-4.15660914370155	-0.383089137469432	-1.4649746784865	-1.6526275804596	1.29261436075173	-2.850480378537	0.0570624696773551
B208-20180615_174915_proc	N2250L525	B208	20180615	174915	2.88742260101722	N2250L525_NGM_B208	1296.327	329.919488817891	3032	771.65398089822	28	39	Paris2	NGM	-1.50023956513928	-2.28234854751452	-1.71040742924419	-5.42662344877457	-0.151255038842812	-3.37306855304849	-1.0712014016059	0.87980339475796	-3.23022958840407	0.0523675672561629
B209-20180618_094312_proc	PB250L418	B209	20180618	94312	3.18164764982597	PB250L418_NGM_B209	1198.409	622.056724611162	2927	1519.31438510297	27.4	46	Paris2	NGM	-1.80109678180953	-2.26245097689705	-0.685777447621365	-5.30277077566831	0.0242263848333034	-4.10122100402178	0.201959890210037	-0.485883903181959	-2.60500108398559	0.054006942651633
B209-20180618_100339_proc	N2250L573	B209	20180618	100339	2.00317574839818	N2250L573_NGM_B209	1202.563	151.234567901235	801	100.733923203099	27.5	48	Paris2	NGM	-0.448744528320127	-1.68056939511491	-0.396950623256865	-4.17188028055395	0.515734891655663	-2.25347251859634	-0.650214468684785	0.470778220468364	-3.13990601455657	0.0384870638111888
B209-20180618_110639_proc	PB250L477	B209	20180618	110639	2.43477156756022	PB250L477_NGM_B209	1199.685	188.165204678363	1735	272.126958424052	27.6	48	Paris2	NGM	-0.449610687530192	-2.04225112812202	-1.16071656595331	-5.02239936512474	0.464073042359803	-2.14817593089921	-1.46092787255428	1.37652581153393	-4.31102366984787	0.0423560458847737
B209-20180618_115217_proc	N2ancL0	B209	20180618	115217	2.91275376367621	N2ancL0_NGM_B209	1279.315	249.043497961033	4202	818.000866426377	27.8	47	Paris2	NGM	-0.880661226316643	-1.90252053819571	-0.789480713278704	-5.25628379409934	-0.0791070987297623	-2.97935470143323	-0.5978007506455	0.363385015679165	-2.8382210729934	0.0508146987091222
B209-20180618_121409_proc	N2250L544	B209	20180618	121409	2.74830291751009	N2250L544_NGM_B209	1297.199	373.393442622951	1946	560.148164887779	27.5	46	Paris2	NGM	-1.0339083997667	-2.08203284427862	-0.670405081982621	-5.19552276606427	0.014060740890404	-3.48607077514214	-0.267468756083734	0.0594716469577526	-2.91109424493597	0.0531582968863143
B209-20180618_124327_proc	PB250L481	B209	20180618	124327	2.12072817047955	PB250L481_NGM_B209	1295.232	469.866359447005	364	132.046888000536	26.8	46	Paris2	NGM	-1.34380733521153	-2.02216336362121	-0.343665746523657	-3.35626530868109	0.68270171402825	-1.78968223621851	0.0458574209975739	-0.216498483783908	-3.11600547505336	0.0511686517175573
B209-20180618_130722_proc	PB250L468	B209	20180618	130722	2.70818833278206	PB250L468_NGM_B209	1296.745	479.56693989071	1381	510.726429628856	26.6	47	Paris2	NGM	-0.61270856201731	-1.51816047877846	-0.950863353991441	-5.41920514739455	-0.0300812067720256	-3.00160971083941	-0.959795779078305	0.644939123947155	-2.63032912257228	0.0650548414489311
B209-20180618_133949_proc	PB250L424	B209	20180618	133949	2.06768505827723	PB250L424_NGM_B209	1298	626.822222222222	242	116.86516007533	26.5	48	Paris2	NGM	-0.595592500755282	-1.53392702330905	-0.306325380975867	-4.98573165726319	0.613461192559931	-3.34503819039146	-0.611267640454238	0.441073974007549	-3.18550100094444	0.0426941334745763
B209-20180618_140238_proc	PBancL0	B209	20180618	140238	2.75985479618609	PBancL0_NGM_B209	1198.206	297.99615014437	2313	575.247574527191	26.6	47	Paris2	NGM	-0.678347510893991	-1.6051401136539	-1.21951349375106	-5.18541089510126	0.0324543375155764	-2.56962003358478	-1.24338431679772	0.985417020543381	-2.98800308546304	0.0610839408203125
B209-20180618_142306_proc	PB250L470	B209	20180618	142306	1.5481880431446	PB250L470_NGM_B209	1252.282	137.843137254902	321	35.3336126038892	26.5	47	Paris2	NGM	0.0860084400583574	-1.49651355369522	-1.36587320963254	-4.24359798032465	-0.125375980500047	-1.30481703314741	-1.82840249715498	1.61226496239062	-3.55283599775832	0.0386881990521327
B209-20180618_144429_proc	PB250L415	B209	20180618	144429	1.65723096727149	PB250L415_NGM_B209	1297.441	172.302857142857	342	45.4183096902727	26.4	47	Paris2	NGM	0.428334756349385	-0.315482949943337	-0.836024550279459	-2.34037821003889	0.333806725006448	-1.58039194783086	-1.57861435870934	0.882112996066269	-1.97597748882081	0.0383356923758865
B209-20180618_151511_proc	N2250L585	B209	20180618	151511	2.92418971652976	N2250L585_NGM_B209	1296.988	417.975920679887	2606	839.826775029364	26.3	48	Paris2	NGM	-0.99051390941075	-1.84396883409536	-0.642209478682957	-4.8093063030102	-0.055096030270646	-2.84260998014717	-0.449975749123337	0.157162214398555	-2.56502449248449	0.0510346348419095
B209-20180618_172930_proc	N2250L516	B209	20180618	172930	2.64557574638085	N2250L516_NGM_B209	1167.468	626.460251046025	824	442.156227718383	26.4	44	Paris2	NGM	-1.77897340078126	-2.48552240620319	-0.970398581783142	-5.81720993199956	-0.0279053166865325	-4.20198018608319	-0.150236746136024	-0.0419663483650433	-2.98782921172002	0.0443157504816956
B209-20180618_174925_proc	PB250L447	B209	20180618	174925	2.72923605018192	PB250L447_NGM_B209	1197.174	730.96875	878	536.087955886112	26.2	44	Paris2	NGM	-1.63419052815283	-2.08063657525867	-0.334462124758665	-4.4087255969132	0.135203307234811	-3.21120602474842	0.0749203281988963	-0.350642315320262	-2.61700483477733	0.0496259165194346
B210-20180622_094253_proc	N2250L572	B210	20180622	94253	3.48075922241021	N2250L572_NGM_B210	1199.19	419.354114713217	8651	3025.23573944416	23.8	34	Paris2	NGM	-2.06289656133941	-2.47912533831739	-1.26927077017182	-4.22625814172462	-0.757086085879103	-2.67021159109684	-0.149589122797257	-0.233705346975429	-2.2483770067717	0.0576056236865806
B210-20180622_100321_proc	PB250L428	B210	20180622	100321	3.22894266380254	PB250L428_NGM_B210	1199.073	231.891153846154	8760	1694.11412623944	23.9	33	Paris2	NGM	-1.19104039756345	-1.80804891169905	-1.60700456949928	-4.09692278638511	-0.755935474797754	-1.5204900511295	-1.20626842962405	0.828010543055423	-2.53113794627786	0.0540385052952503
B210-20180622_104411_proc	N2250L545	B210	20180622	104411	3.30764158779279	N2250L545_NGM_B210	1195.986	602.796075683252	4029	2030.68045021248	24.1	33	Paris2	NGM	-2.42177366820191	-3.06091347563359	-1.40247023551817	-4.48114531702867	-0.712552929562739	-2.79541187837744	-0.0360718675165382	-0.183852445400349	-2.84672087071564	0.0513293793192367
B210-20180622_110440_proc	PB250L425	B210	20180622	110440	3.13755056952724	PB250L425_NGM_B210	1296.989	223.933843212237	7950	1372.62078054423	24.2	33	Paris2	NGM	-1.4335759195136	-2.1098157184718	-1.84601381329001	-4.2029051579541	-0.674014369505548	-1.38832581097423	-1.30438933710555	1.02521772710126	-2.93218941990325	0.0508399897722692
B210-20180622_112958_proc	N2250L551	B210	20180622	112958	3.5593063782966	N2250L551_NGM_B210	1197.338	139.717815344603	31065	3624.98637283716	24.3	33	Paris2	NGM	-1.09486992420406	-2.1627411037725	-3.16219091006901	-5.25596708968984	-1.54564721371115	-1.47041400079979	-3.12592478926914	2.70001637861667	-3.84581349148228	0.0520164066467601
B210-20180622_115025_proc	N2250L595	B210	20180622	115025	3.22772237899931	N2250L595_NGM_B210	1197.786	354.998694516971	5700	1689.36066939064	24.3	34	Paris2	NGM	-1.71864580918062	-2.51538849563275	-1.30182357588353	-4.92091616841887	-0.491965911212911	-2.63564058666495	-0.393548146414295	0.162689404936215	-2.81434934684189	0.0554446977365608
B210-20180622_121052_proc	N2250L543	B210	20180622	121052	3.32139661986394	N2250L543_NGM_B210	1196.907	261.709568939162	9586	2096.02577965607	24.4	33	Paris2	NGM	-1.34643555662612	-1.81855349442724	-1.74565942122771	-3.28572801175698	-1.00478276878502	-1.46049520264845	-1.09718725932595	0.581415946713814	-2.1078150052253	0.0564857625240848
B210-20180622_125156_proc	PBancL0	B210	20180622	125156	2.72407055190375	PBancL0_NGM_B210	1201.532	320.176544766709	1988	529.749495640746	24.8	33	Paris2	NGM	-1.46307300260783	-2.05924612062551	-1.11737267541071	-3.60142835051155	0.0100704121706313	-1.64916812125578	-0.405693298414749	0.18485626779549	-2.86380969236686	0.0479328718951242
B210-20180622_133256_proc	PB250L414	B210	20180622	133256	3.23251693544018	PB250L414_NGM_B210	1198.458	141.530923694779	14464	1708.11432717816	24.6	35	Paris2	NGM	-0.849489055342342	-1.77230418880462	-2.33238977948303	-4.62973577481958	-0.555531936536607	-1.54539725530038	-2.15603430769077	1.87707801401634	-3.51258812696118	0.0598469336581709
B210-20180622_135322_proc	N2250L509	B210	20180622	135322	3.06312192604938	N2250L509_NGM_B210	1202.828	311.463196635121	4466	1156.43686060887	24.6	35	Paris2	NGM	-1.59961166898743	-2.66170389697824	-0.995751830964303	-4.41486090674776	-0.339735021020236	-2.4840531784737	-0.252666569705373	0.0555758359019461	-2.96693178965649	0.0457768744194355
B210-20180622_141425_proc	N2250L555	B210	20180622	141425	3.39954889580204	N2250L555_NGM_B210	1199.564	441.22550052687	6822	2509.27867508054	24.6	35	Paris2	NGM	-1.91807482653062	-2.26247945198861	-1.09412153889492	-4.09661963187955	-0.619911836465352	-2.53105338542744	-0.141653346867397	-0.281632381745977	-2.13966848963016	0.0605186701426025
B210-20180622_143454_proc	PB250L423	B210	20180622	143454	3.23109903017386	PB250L423_NGM_B210	1226.188	168.046552225778	12423	1702.54668802895	24.7	35	Paris2	NGM	-0.929157924276407	-1.9923994376869	-2.05975512416246	-5.66063761397995	-0.427456961961749	-2.048534788869	-1.73665462722446	1.53480721396694	-3.56370177521419	0.0637176200816939
B210-20180622_145548_proc	N2250L542	B210	20180622	145548	3.2011378640808	N2250L542_NGM_B210	1297.178	419.984134391041	4908	1589.05110292591	25	25	Paris2	NGM	-1.75771114332812	-2.5007854697519	-1.04139277374544	-4.68507349517505	-0.404870414532507	-2.86966694637591	-0.218363223902229	-0.0220675424558579	-2.75345931261278	0.0556144156005686
B210-20180622_154004_proc	N2ancL0	B210	20180622	154004	2.64187746367465	N2ancL0_NGM_B210	1197.853	209.138638228056	2511	438.406983653794	25.2	35	Paris2	NGM	-0.940203225597389	-1.93165246754015	-0.881674669436025	-4.32509921383167	0.022408963761897	-2.49078864989468	-0.666393000070383	0.458257122709987	-2.98530043358398	0.0470721727716728
B210-20180622_160037_proc	PB250L429	B210	20180622	160037	2.48765801180694	PB250L429_NGM_B210	1197.485	193.61811023622	1901	307.367547450745	25.1	35	Paris2	NGM	-0.67290756160102	-2.16276200095901	-1.03620703627022	-3.95511796735321	0.297948711293877	-1.19789712017472	-1.02946424393448	0.905333116647731	-3.67313160440869	0.0452043423686405
B211-20180625_094348_proc	PB250L479	B211	20180625	94348	3.00618813010213	PB250L479_NGM_B211	1196.556	272.87037037037	4448	1014.35069266078	23.8	42	Paris2	NGM	-0.984260624471612	-1.94529887423398	-1.53204316087992	-5.86043959592687	-0.161545500349564	-3.80724671996027	-1.17839915480259	0.97110563759269	-3.19590739643461	0.045103570749736
B211-20180625_102437_proc	PB250L416	B211	20180625	102437	2.6274488563612	PB250L416_NGM_B211	1195.305	121.589394969409	4169	424.081040092248	24.1	42	Paris2	NGM	-0.64362180612219	-1.98625696685042	-1.15043808639949	-4.55047991003649	-0.000559729284514314	-1.96265522122105	-1.07262730497552	0.895013819049707	-3.31168564755003	0.0413232826412271
B211-20180625_110542_proc	PB250L488	B211	20180625	110542	2.40246516591158	PB250L488_NGM_B211	1197.676	293.173570019724	1032	252.618508060907	24.3	43	Paris2	NGM	-1.09214805897667	-1.93320129723004	-1.5206342173852	-4.66908824556312	0.163876443636642	-2.35744535444119	-1.070862492493	0.901107220778537	-3.35954709235606	0.0477209596645367
B211-20180625_112608_proc	N2250L523	B211	20180625	112608	2.63824328499299	N2250L523_NGM_B211	1196.196	360.895652173913	1441	434.753698208829	24.3	43	Paris2	NGM	-1.29896351082723	-2.38986008878292	-0.693900802953902	-4.90269982978413	0.142300386232349	-2.85478158291755	-0.265322485925154	0.130249233931233	-3.36436588612472	0.0416736347891566
B211-20180625_120712_proc	N2250L566	B211	20180625	120712	2.95502072262079	N2250L566_NGM_B211	1272.455	378.50987890376	3031	901.614157638029	24.4	44	Paris2	NGM	-1.45049861223044	-2.25101411201315	-0.636486013275538	-4.42411001025221	-0.135675296722444	-2.66758591193834	-0.0464172774382797	-0.208778713998659	-2.68929248083511	0.0502585343596059
B211-20180625_122856_proc	PB250L462	B211	20180625	122856	2.83536088405149	PB250L462_NGM_B211	1197.484	299.034686971235	2741	684.48019095717	24.4	44	Paris2	NGM	-0.795069527377144	-1.46329561212279	-1.10185098098567	-5.33796367798899	0.0997193506629593	-2.67841081563771	-1.16135583554527	0.897242855242274	-2.91953238364199	0.060244072923588
B211-20180625_124924_proc	N2ancL0	B211	20180625	124924	2.80587991707717	N2ancL0_NGM_B211	1280.103	479.332599118943	1708	639.557972518738	24.4	44	Paris2	NGM	-1.4242745347846	-2.14800178385642	-0.321098972423939	-4.41773921215003	0.118461201014395	-3.17645888709545	0.0387259391876503	-0.309102219385094	-2.63393923710571	0.0484687809694794
B211-20180625_131111_proc	PB250L459	B211	20180625	131111	2.62921010389148	PB250L459_NGM_B211	1228.459	342.108043217287	1529	425.80435983556	24.6	45	Paris2	NGM	-1.09691789806997	-2.15263562292833	-0.992578415619116	-4.2920079131352	-0.106796422300844	-2.61363100199931	-0.683496676249167	0.455794492829836	-2.89296085876193	0.044913116252302
B211-20180625_133208_proc	N2250L587	B211	20180625	133208	3.00237816984829	N2250L587_NGM_B211	1295.122	442.334735576923	2944	1005.49095879652	24.7	45	Paris2	NGM	-1.69603514153483	-2.21112780190579	-0.784867192367216	-3.79443667989401	-0.254338411829243	-2.30324387902514	-0.0523282920609726	-0.273782387576741	-2.42748994573684	0.0477620007990868
B211-20180625_135430_proc	N2250L582	B211	20180625	135430	2.81358195687728	N2250L582_NGM_B211	1197.475	348.795509222133	2235	651.00145148038	24.7	45	Paris2	NGM	-1.38781498402451	-2.23892306917333	-0.568625976798862	-4.55122425506979	0.067216747388695	-3.04833949565931	-0.0969343199895791	-0.128390969472553	-2.81970973933079	0.0436088696930111
B211-20180625_141452_proc	N2250L505	B211	20180625	141452	3.07602642329007	N2250L505_NGM_B211	1197.362	227.13928304705	6280	1191.3144876282	24.8	45	Paris2	NGM	-1.20039932781193	-2.02833635700207	-1.12304323817163	-4.42008814751749	-0.376030357276992	-2.10984014797883	-0.686312145993172	0.402145532661961	-2.65074663919224	0.0512946211719315
B211-20180625_143517_proc	PB250L461	B211	20180625	143517	2.82425872514759	PB250L461_NGM_B211	1198.179	205.720529039678	3886	667.20412880562	24.8	45	Paris2	NGM	-0.921954475401038	-1.83317594727979	-1.26817633267337	-4.51002369419668	0.0988832246428734	-2.02508547644421	-1.00402593123791	0.820340909715152	-3.24406645970521	0.0528492087782999
B211-20180625_145542_proc	PBancL0	B211	20180625	145542	1.94442535346916	PBancL0_NGM_B211	1197.119	211.936758893281	497	87.9883864260449	25	45	Paris2	NGM	-0.350455049994335	-1.37590556752673	-1.27010726991863	-4.65603758371295	0.547708239567502	-1.99536899163146	-1.60090644453168	1.42606333005458	-3.62894343209775	0.0428019268115942
B211-20180625_151612_proc	PB250L407	B211	20180625	151612	2.70829943070756	PB250L407_NGM_B211	1208.242	240.920765027322	2562	510.857096508812	25	44	Paris2	NGM	-0.473245755199523	-1.28389987598274	-1.47233184823417	-5.37612335670311	0.0202868346506553	-2.49494335242164	-1.65979096213774	1.38840830751786	-3.1813942897574	0.0550797828215987
B211-20180625_153642_proc	N2250L577	B211	20180625	153642	3.06413325838074	N2250L577_NGM_B211	1263.895	340.465341214401	4303	1159.1329685184	25.1	45	Paris2	NGM	-1.46356436408263	-2.16550669276339	-1.04780508524146	-4.72689115359786	-0.346070063717726	-2.88036918960364	-0.408343394783607	0.113853368328494	-2.55251131229314	0.0642723399050372
B211-20180625_155809_proc	N2250L502	B211	20180625	155809	2.9995926381646	N2250L502_NGM_B211	1196.232	545.214634146341	2192	999.062454481054	25.2	45	Paris2	NGM	-1.82129566555964	-2.25851923168594	-0.689622865975041	-4.24709463000934	-0.210211506604006	-2.79482451129717	0.0798114739690272	-0.449528781793491	-2.30651401650666	0.0552409131178707
B212-20180629_094338_proc	N2250L520	B212	20180629	94338	2.62438908710258	N2250L520_NGM_B212	1296.334	642.98125	849	421.103728861543	25	45	Paris2	NGM	-1.33224085238146	-1.70662405653802	-0.198926936419511	-4.59545099420749	0.162632905953047	-3.46512159818919	0.102470717612758	-0.538882144686335	-2.13271998382729	0.0390819764918626
B212-20180629_100550_proc	PB250L484	B212	20180629	100550	3.25064683974354	PB250L484_NGM_B212	1198.333	157.281092244149	13569	1780.92995908554	24.8	45	Paris2	NGM	-0.852723986434333	-1.73365801263066	-1.90222332973142	-4.32136650260167	-0.471601137831661	-1.44003021579528	-1.58354624409201	1.3053472790343	-3.10326881703288	0.0464842354612095
B212-20180629_102611_proc	PB250L420	B212	20180629	102611	2.91512593252023	PB250L420_NGM_B212	1231.678	412.304391217565	2457	822.481110502548	24.8	46	Paris2	NGM	-1.31138294062327	-2.29307231223813	-0.847996467587235	-3.92657630865495	0.112623995314714	-1.86259100013971	-0.267697597247627	0.0772062346301527	-3.00421970308423	0.0476581192622951
B212-20180629_104716_proc	PB250L483	B212	20180629	104716	2.05642735940372	PB250L483_NGM_B212	1196.8	354.909574468085	384	113.874729775856	24.9	46	Paris2	NGM	-0.99469552970466	-1.63918864235389	-1.00747056012274	-4.53829189858535	0.176348630461505	-2.40712204295426	-1.06576272166178	0.867746479559056	-3.19079235536339	0.0390233803501946
B212-20180629_110741_proc	PB250L480	B212	20180629	110741	2.74344912354278	PB250L480_NGM_B212	1197.259	224.353476821192	2956	553.922649554895	24.9	45	Paris2	NGM	-0.953337198707218	-2.3191728665049	-1.47757069498611	-5.53416422251555	-0.13251492987991	-2.52731056521647	-1.35319676265875	1.21024633960904	-3.69228936605627	0.0395578084701055
B212-20180629_112804_proc	PB250L455	B212	20180629	112804	2.5100009024909	PB250L455_NGM_B212	1196.614	321.609223300971	1204	323.594329378036	25	46	Paris2	NGM	-1.0732589608471	-1.92381690767984	-1.32702298606076	-4.86893829191128	0.203417529060858	-2.43370250854666	-0.798107069383656	0.601444720086306	-3.08853515570661	0.046201750862069
B212-20180629_114841_proc	N2250L590	B212	20180629	114841	3.01433171818874	N2250L590_NGM_B212	1209.064	411.875	3034	1033.55053992179	25.1	47	Paris2	NGM	-1.70540714254212	-2.41647621370698	-0.939913903254029	-4.18421370694183	-0.296744725559182	-2.28880753022718	-0.15161350020284	-0.108186361433445	-2.66861063059122	0.0468373336206897
B212-20180629_120913_proc	N2250L550	B212	20180629	120913	3.16513087615999	N2250L550_NGM_B212	1196.959	429.829026937878	4073	1462.61787305829	25.1	47	Paris2	NGM	-1.78857246023006	-2.39201689768619	-0.991933092386356	-4.04779017632982	-0.42615581594475	-2.16611693400475	-0.146863683195569	-0.145114682109807	-2.54348766839842	0.0493013703891366
B212-20180629_122937_proc	N2ancL0	B212	20180629	122937	3.22344160636912	N2ancL0_NGM_B212	1297.111	325.599523241955	6664	1672.79070402177	25.1	46	Paris2	NGM	-1.82462189877587	-2.54859777242601	-1.17675742698042	-3.94341702435073	-0.603756442146324	-1.92637721934737	-0.233210202187941	-0.0476060271576204	-2.58762677792685	0.0470325052503053
B212-20180629_130122_proc	N2250L529	B212	20180629	130122	3.20771827392316	N2250L529_NGM_B212	1296.338	409.355493630573	5109	1613.31166482707	25.3	45	Paris2	NGM	-1.68918141788578	-2.17649360365239	-1.16061927787361	-3.84804472463193	-0.590982300687999	-2.05136038092639	-0.342213899412491	-0.0131022026699629	-2.33825696256885	0.050570709375
B212-20180629_134541_proc	N2250L558	B212	20180629	134541	3.4724981371932	N2250L558_NGM_B212	1297.061	212.74137015401	18097	2968.23401187539	25.4	45	Paris2	NGM	-1.54695376955626	-1.97664331405126	-1.97716883329511	-3.3734542073716	-1.32851762671202	-1.32285239625976	-1.16448433771808	0.661714174935951	-2.16973686060776	0.0550489351456554
B212-20180629_140812_proc	PB250L436	B212	20180629	140812	2.90035767685148	PB250L436_NGM_B212	1218.939	210.751503933364	4598	794.982698137978	25.6	44	Paris2	NGM	-0.985749351036386	-1.80419574960449	-1.43235238809844	-4.82962284994448	0.0259667608665684	-1.99385139010735	-1.21979960491571	1.01959951153502	-3.25538965589669	0.0468174040254896
B212-20180629_142918_proc	PB250L490	B212	20180629	142918	2.90025840272083	PB250L490_NGM_B212	1197.336	322.481818181818	2951	794.800996090108	25.9	44	Paris2	NGM	-0.894468345993413	-1.6173795759885	-1.05916012884082	-5.25230495416394	0.00350541026238039	-2.92219455238506	-0.995048195016394	0.703402272481935	-2.73146149065741	0.0488295828796128
B212-20180629_144949_proc	PBancL0	B212	20180629	144949	1.35133381871955	PBancL0_NGM_B212	1296.835	126.068493150685	231	22.4560733769587	25.9	44	Paris2	NGM	-0.0224534767389486	-0.902241302265101	-1.28722747031331	-3.9891734951343	0.638246491157489	-1.26956658551232	-1.8932998397289	1.71137722088863	-3.78906717172833	0.0361439514705882
B212-20180629_151246_proc	N2250L586	B212	20180629	151246	2.04653562220783	N2250L586_NGM_B212	1295.692	419.255681818182	344	111.31036893448	25.7	44	Paris2	NGM	-1.44989919311891	-2.49687810838653	-0.0949252390237098	-4.13862277364608	0.274613628145494	-2.54594386546966	0.309853167755877	-0.48745200897866	-3.11098047236386	0.0379749978540772
B212-20180629_153507_proc	PB250L445	B212	20180629	153507	1.87563735766841	PB250L445_NGM_B212	1297.069	104.85393258427	929	75.0995539719063	25.8	44	Paris2	NGM	-0.647439157200851	-1.52117663602829	-1.34835622807006	-3.78368917748684	0.460003908586432	-0.885743153366059	-2.21289801855032	2.03344561387965	-4.04919307329118	0.0357697346837945
B213-20180702_101431_proc	N2250L508	B213	20180702	101431	2.74297355011817	N2250L508_NGM_B213	1196.191	246.140613313388	2689	553.316409502914	25.9	38	Paris2	NGM	-1.31699385348052	-2.29293869058035	-0.839228295275087	-5.03622721404089	0.00418814401245015	-3.14391707021791	-0.327650932778922	0.137923053908551	-3.01480501456474	0.0409216377188184
B213-20180702_105526_proc	N2250L536	B213	20180702	105526	2.63216675945683	N2250L536_NGM_B213	1296.467	200.364957918898	2774	428.713105128803	25.9	37	Paris2	NGM	-1.07835527399307	-2.53369965837067	-0.655539674850524	-4.15767058518596	0.122910826025608	-1.83873232171337	-0.448381763982898	0.312930824274194	-3.38859094956863	0.0423395600937808
B213-20180702_114316_proc	PB250L494	B213	20180702	114316	2.70476411013413	PB250L494_NGM_B213	1196.962	217.468299711816	2789	506.715407754176	26	44	Paris2	NGM	-0.999467806065243	-1.73175154564414	-1.34138792012568	-4.9945210000251	0.0573009377941997	-2.12478325803029	-1.18607965126416	0.97907875750324	-3.20138073226608	0.0525705530133929
B213-20180702_120337_proc	PB250L456	B213	20180702	120337	2.26944105302676	PB250L456_NGM_B213	1201.002	334.856666666667	667	185.969212929426	26.8	43	Paris2	NGM	-0.782222946167466	-1.84366680608656	-0.842261646187263	-4.62468432096598	0.574807331859205	-2.33306127709952	-0.941076914450624	0.79618783995819	-3.47065885192899	0.0461613798543689
B213-20180702_122406_proc	N2250L597	B213	20180702	122406	3.02823273461547	N2250L597_NGM_B213	1198.066	147.00902864259	8697	1067.16785394511	25.8	43	Paris2	NGM	-0.859275876648485	-1.88945847590299	-1.30795635307236	-4.31665436096533	-0.425453496421241	-1.69513110739218	-1.02677627558202	0.759920907131449	-2.84473961907123	0.0519966694848293
B213-20180702_124424_proc	N2250L565	B213	20180702	124424	2.97096036440676	N2250L565_NGM_B213	1195.955	283.261838440111	3949	935.320308874498	25.8	42	Paris2	NGM	-1.32016957065009	-1.96057378503102	-0.803734610808381	-4.17356321695893	-0.341188494891508	-2.34266610545509	-0.226415319405669	-0.137497244430482	-2.30531767471919	0.0537164731000752
B213-20180702_132600_proc	PBancL0	B213	20180702	132600	2.08993697254192	PBancL0_NGM_B213	1196.464	343.868852459016	428	123.009023967674	25.8	41	Paris2	NGM	-1.21433962056185	-1.80464540956642	-0.221862457285365	-3.17491721273909	0.786350534732546	-1.90629066165721	0.184770176292716	-0.369560325793971	-3.04829454350473	0.0445928744855967
B213-20180702_140645_proc	PB250L429	B213	20180702	140645	2.0360985662441	PB250L429_NGM_B213	1197.068	348.745454545455	373	108.667222367864	26.2	41	Paris2	NGM	-1.01224999776546	-1.6352539441847	-0.475306819230489	-4.20835893030788	0.778718714866109	-2.69396703341612	-0.256309204382896	0.0902128161835926	-3.14747524208686	0.0541529182464455
B213-20180702_142708_proc	N2250L526	B213	20180702	142708	2.56452266342838	N2250L526_NGM_B213	1239.681	182.509119746233	2492	366.878839320449	26.2	41	Paris2	NGM	-0.88677796642742	-2.01253433769667	-0.978318209473592	-4.75448023345592	0.00366606897183111	-2.62597434756225	-0.925389219512124	0.724862051060131	-3.11575219454065	0.0410296319327731
B213-20180702_171939_proc	N2250L530	B213	20180702	171939	2.99386282543189	N2250L530_NGM_B213	1296.904	217.466982852973	5880	985.968012416866	26.8	41	Paris2	NGM	-1.11641648789229	-1.89345181479188	-1.23446840985181	-4.8280221528487	-0.401515336906329	-2.20324792338597	-0.909318511776522	0.609141820121832	-2.66425751555826	0.0561931677559913
B214-20180706_101824_proc	N2250L513	B214	20180706	101824	3.20954006630698	N2250L513_NGM_B214	1197.073	348.118852459016	5571	1620.09345048228	24.4	47	Paris2	NGM	-1.92397655567981	-2.45793606416765	-1.16358514015396	-3.82016144365156	-0.551174713077696	-2.05012842488621	-0.228341327390916	-0.0886502052940857	-2.45619592742643	0.0519689348522606
B214-20180706_103846_proc	N2250L511	B214	20180706	103846	2.95461996132405	N2250L511_NGM_B214	1204.601	402.777859237537	2694	900.782543585738	24.4	47	Paris2	NGM	-1.84341614961442	-2.4229119506642	-0.830323320793008	-4.48751514984172	-0.182053949093434	-2.73003793353275	0.0383035707238166	-0.286033128695722	-2.72611266057704	0.0444513010065288
B214-20180706_105930_proc	PB250L453	B214	20180706	105930	1.91039346674279	PB250L453_NGM_B214	1197.082	349.070512820513	279	81.3567266711245	24.6	46	Paris2	NGM	-0.936717922340763	-1.55299449462326	-0.995393779510367	-4.71040278681025	0.741998376216431	-2.2613596191394	-1.26609450993698	1.10603257492537	-3.52228587780041	0.0414462840314136
B214-20180706_111956_proc	N2ancL0	B214	20180706	111956	3.19766528585098	N2ancL0_NGM_B214	1297.427	233.82400279916	8747	1576.39586079545	24.7	45	Paris2	NGM	-1.55899274566613	-2.35508240126344	-1.30531531719935	-4.08585672126281	-0.644497029732861	-1.86238470237754	-0.496176638909132	0.21212264718055	-2.60639935989572	0.0497440527318342
B214-20180706_114246_proc	PB250L457	B214	20180706	114246	1.92669612083879	PB250L457_NGM_B214	1197.963	126.015503875969	803	84.4687603977778	24.8	44	Paris2	NGM	0.0480286959601416	-1.22857474001468	-1.29456123514015	-3.97747308085231	0.576498809116893	-1.36716352804248	-1.47152043744217	1.31083459637965	-3.63780357068423	0.0432630934065934
B214-20180706_120315_proc	N2250L531	B214	20180706	120315	3.01433388219247	N2250L531_NGM_B214	1209.277	293.737984496124	4255	1033.55568991307	24.8	43	Paris2	NGM	-1.35587547483725	-2.13046107001755	-0.978669132390709	-4.86311703584512	-0.307796919636323	-2.606446554975	-0.368728303536392	0.0924529816261304	-2.6169598050448	0.0491849590524833
B214-20180706_130434_proc	N2250L525	B214	20180706	130434	3.06211771886215	N2250L525_NGM_B214	1297.281	208.665641813989	7173	1153.76595258217	25.3	43	Paris2	NGM	-1.54670048201356	-2.49577031297232	-1.99402823694676	-5.77102706710858	-0.508308738788036	-3.25547349854182	-1.31233559872314	1.1329860041727	-3.42529594077291	0.0622839708458458
B214-20180706_135228_proc	PBancL0	B214	20180706	135228	2.42752747338139	PBancL0_NGM_B214	1198.668	181.753036437247	1765	267.625488718929	25.4	43	Paris2	NGM	-0.696587999155372	-1.9159193716923	-0.870713083262039	-4.09421399084716	0.56045685602257	-1.51708454439885	-0.715488458512582	0.586290984498769	-3.50751720006924	0.0461731867852605
B214-20180706_141257_proc	PB250L486	B214	20180706	141257	2.643143213659	PB250L486_NGM_B214	1227.396	309.798825256975	1742	439.686583301274	25.6	43	Paris2	NGM	-1.08720932579719	-1.6820853456416	-1.29694298889676	-4.72886070223244	0.248723795557548	-2.14255161556448	-1.13177421352458	0.943078363541188	-3.27482181026559	0.049101832292849
B214-20180706_143354_proc	PB250L476	B214	20180706	143354	2.8016076699321	PB250L476_NGM_B214	1254.112	305.824337585868	2597	633.297348809756	25.8	43	Paris2	NGM	-0.78392814509901	-1.49493650239606	-1.16531149215693	-5.68619031548346	0.0965571064602493	-3.29520479380858	-1.19523178090743	0.941342981746368	-2.98071813688581	0.0597441730465667
B214-20180706_145514_proc	N2250L578	B214	20180706	145514	3.06759944190582	N2250L578_NGM_B214	1296.868	183.493353398545	8258	1168.42123667573	25.9	42	Paris2	NGM	-0.518080405489542	-1.42071754808605	-1.48783053914469	-4.50930031785584	-0.603821690339951	-1.79552846504208	-1.4584734740247	1.02117396704222	-2.49658580497046	0.0543013273301738
B214-20180706_151820_proc	PB250L458	B214	20180706	151820	2.42593433432814	PB250L458_NGM_B214	1198.52	390.207594936709	819	266.645546384845	25	42	Paris2	NGM	-1.36833403398041	-1.93524352639656	-1.04966348929638	-4.23794904469188	0.173526099429836	-2.20759220146761	-0.707057955583568	0.481495717263248	-2.91023863103117	0.0503416331632653
B214-20180706_153839_proc	PB250L410	B214	20180706	153839	2.44880811260132	PB250L410_NGM_B214	1205.193	260.167910447761	1302	281.065870282175	25.8	42	Paris2	NGM	-0.833756220893705	-1.51977817545499	-1.28039641781147	-4.7281675576333	0.108590468538062	-2.45986534422363	-0.924786429063903	0.662119057729261	-2.81948793836849	0.0528119425
B214-20180706_155905_proc	PB250L432	B214	20180706	155905	2.49251125533282	PB250L432_NGM_B214	1198.154	156.805135951662	2375	310.821645535713	25.8	42	Paris2	NGM	-0.222037836653004	-1.53310137539108	-0.879646486067697	-4.9050035491636	0.374207916079231	-2.44609906529535	-1.06121709423223	0.893386618227417	-3.36725937777009	0.042786026097763
B214-20180706_161942_proc	PB250L492	B214	20180706	161942	2.93068394826723	PB250L492_NGM_B214	1297.053	266.564875491481	4148	852.479508191773	25.8	41	Paris2	NGM	-1.24406404659012	-1.68190562290367	-1.42198952037565	-4.01842323349797	-0.291097853768198	-1.79281190544189	-1.06892720014603	0.734138045048999	-2.60714231876927	0.0615745640995261
B214-20180706_165051_proc	N2250L548	B214	20180706	165051	3.06289097457537	N2250L548_NGM_B214	1193.116	292.849814912745	4709	1155.82204783451	25.8	41	Paris2	NGM	-1.61531991143405	-2.34286523744412	-1.55752680329388	-5.50079601440291	-0.409920136188772	-3.35676528982515	-0.804047290824232	0.58203346514341	-2.9591806592385	0.0551927455820207
B215-20180709_105117_proc	PB250L496	B215	20180709	105117	3.35321693959105	PB250L496_NGM_B215	1201.955	140.225940507437	19332	2255.36553522367	24.5	45	Paris2	NGM	-1.23884415356013	-1.84565688994274	-2.31110777909456	-4.49238092382278	-0.883272302200504	-1.26186945677605	-1.82130731542931	1.50932498646115	-3.13311503722413	0.0545009976037736
B215-20180709_115152_proc	N2ancL0	B215	20180709	115152	3.27795329109469	N2ancL0_NGM_B215	1208.461	313.008553654743	7322	1896.50193912756	25.5	43	Paris2	NGM	-1.70779110285351	-2.33121022467097	-1.28479135359015	-3.89439180248904	-0.703085248211943	-1.81029983809716	-0.444926792080325	0.121686121931135	-2.45534837680372	0.046557036004974
B215-20180709_121229_proc	PB250L495	B215	20180709	121229	2.86131932705794	PB250L495_NGM_B215	1297.963	290.379276637341	3248	726.640043297139	25.6	43	Paris2	NGM	-1.26770192373312	-1.79738061152476	-1.37574566761129	-4.94538632144613	-0.0716282725801378	-2.38498282320137	-1.01979720801403	0.764524948921397	-2.89105033820169	0.0630754140983606
B215-20180709_133811_proc	N2250L514	B215	20180709	133811	2.9665223193998	N2250L514_NGM_B215	1141.055	199.962375339982	5283	925.810963469004	25.7	43	Paris2	NGM	-1.26401739633587	-2.49131148998768	-1.16964369425269	-4.56463688227319	-0.261779226974809	-1.98737695041419	-0.534355473831563	0.369070520017677	-3.19739109338575	0.0426064177899466
B215-20180709_135747_proc	PB250L424	B215	20180709	135747	2.34018533942511	PB250L424_NGM_B215	1297.919	261.820224719101	1085	218.869547190714	25.6	43	Paris2	NGM	-1.11411581646866	-1.66379003312559	-1.25952024127969	-3.92962476371964	0.217282932567862	-1.81014850417229	-1.40739401622548	1.1772437507855	-3.2070113211981	0.0392139488795518
B215-20180709_142118_proc	N2250L503	B215	20180709	142118	3.32135102662655	N2250L503_NGM_B215	1158.749	190.785828571429	12729	2095.80574558055	25.7	43	Paris2	NGM	-1.60044875701977	-2.06740799139543	-2.49316850501546	-3.70453526494924	-1.11948847404481	-0.968913323885794	-1.92767085196559	1.50434414162908	-2.84828764854404	0.0486096111734814
B215-20180709_150115_proc	N2250L584	B215	20180709	150115	3.47536511401398	N2250L584_NGM_B215	1299.09	205.188062142273	18917	2987.89350356433	25.8	42	Paris2	NGM	-1.63273157513947	-2.18827792567202	-2.02084423551254	-3.29172099089442	-1.46918064904951	-1.12665317024477	-1.17294639507743	0.709553638892053	-2.27310934931032	0.0505558063825609
B215-20180709_152945_proc	N2250L524	B215	20180709	152945	3.17051331216662	N2250L524_NGM_B215	1296.973	383.436291522062	5009	1480.85764640745	25.9	42	Paris2	NGM	-1.87328637591924	-2.71293187385602	-0.822013315801715	-4.30559060384159	-0.211584785272788	-2.38100068636928	0.139928960314332	-0.351218730552407	-2.90335799668357	0.0427308464928388
B215-20180709_155334_proc	N2250L593	B215	20180709	155334	3.5425600472477	N2250L593_NGM_B215	1297.67	155.546832701678	29098	3487.86805424602	25.9	42	Paris2	NGM	-1.18619331386947	-1.74566926758553	-2.65024253487542	-3.49052024440661	-1.5279027800171	-1.20196742974165	-2.20275017667518	1.51204298851081	-2.42705931024752	0.0583454436036235
B215-20180709_161536_proc	N2250L554	B215	20180709	161536	2.69514009197563	N2250L554_NGM_B215	1190.814	522.745233968804	1129	495.610035782901	25.8	42	Paris2	NGM	-1.50940157489828	-2.38829825544347	-0.119656793770803	-3.55211579119271	0.427658830414612	-2.22571490489225	0.431771548134684	-0.59862567208196	-3.20320741284786	0.0445322258308157
B215-20180709_163557_proc	N2250L558	B215	20180709	163557	3.23735341536681	N2250L558_NGM_B215	1245.535	215.241769041769	9995	1727.24289688566	25.9	42	Paris2	NGM	-1.26266182275436	-2.1086346257046	-1.62775199187819	-4.42658166791081	-0.759384586820167	-1.63399992243979	-1.08233571117159	0.80061181481629	-2.80917469769976	0.0498523104541735
B215-20180709_165711_proc	PB250L487	B215	20180709	165711	2.96775006146973	PB250L487_NGM_B215	1098.946	236.947640594699	4306	928.431916036617	25.8	42	Paris2	NGM	-1.398917984872	-1.86742037910256	-1.28892407309019	-3.45424518967044	-0.488388046288979	-1.527664808565	-0.589837955472463	0.221139467321225	-2.33497715405254	0.0531274355639396
B215-20180709_171603_proc	PBancL0	B215	20180709	171603	2.3952072692581	PBancL0_NGM_B215	1232.085	214.498355263158	1427	248.431847608344	25.9	42	Paris2	NGM	-0.793329382745718	-1.53822124834407	-1.38288267569225	-4.12608604737988	0.12205424739703	-1.84612150766168	-1.22845782246664	1.00698543328251	-3.14930266997582	0.048132484989083
B216-20180713_101605_proc	N2250L509	B216	20180713	101605	3.1409375307472	N2250L509_NGM_B216	1146.892	396.544109277177	4001	1383.36738003054	24.5	51	Paris2	NGM	-1.71343809698096	-2.49295777761819	-1.08265628653666	-4.51407548780372	-0.394727425365802	-2.71333283717479	-0.179018466634304	-0.0624291554126404	-2.74732862017124	0.0512445324053937
B216-20180713_103542_proc	PB250L435	B216	20180713	103542	2.89455940505517	PB250L435_NGM_B216	1185.927	336.086661002549	2768	784.439411241211	24.6	50	Paris2	NGM	-0.9617709049039	-1.83169798856041	-1.14793771035304	-5.45603406155818	-0.101552633031169	-2.73252259150177	-0.949726173807454	0.702647928684731	-2.89733389442363	0.0618730668075423
B216-20180713_105553_proc	PB250L406	B216	20180713	105553	3.23632726214154	PB250L406_NGM_B216	1170.626	442.558928571429	4558	1723.16657619818	24.6	51	Paris2	NGM	-1.91839335415332	-2.43780597035197	-0.934553924607913	-3.98008220914579	-0.569553495584529	-2.3721071075822	0.125251750659974	-0.506719333905177	-2.28033174150067	0.0483913181532663
B216-20180713_111545_proc	PB250L426	B216	20180713	111545	2.92436367661984	PB250L426_NGM_B216	1163.337	516.865671641791	1891	840.163241669978	24.8	51	Paris2	NGM	-1.27943549827743	-1.71411785421797	-0.583129266175491	-4.09089758798739	-0.0593616766965518	-2.40625321127602	-0.276819927073456	-0.130953463853729	-2.18112770059488	0.0557757773132664
B216-20180713_113530_proc	PB250L481	B216	20180713	113530	2.89510698313811	PB250L481_NGM_B216	1296.782	452.077367205543	2253	785.429091639218	24.8	51	Paris2	NGM	-1.87012166951471	-2.47662238342487	-1.07668812588301	-3.80973857134847	-0.147419419010602	-1.98068968850692	0.0047507223167843	-0.22993254191989	-2.8239512905998	0.0573605645519077
B216-20180713_115835_proc	PB250L475	B216	20180713	115835	3.1048631740817	PB250L475_NGM_B216	1172.732	167.810201660735	8897	1273.10192283963	24.8	51	Paris2	NGM	-0.882383783097404	-1.79378563662756	-2.49790394948189	-4.90931781465189	-0.643175594956523	-2.13394140629307	-2.21538272431574	1.89370769742012	-3.39523539796703	0.0471155590774329
B216-20180713_123841_proc	N2250L556	B216	20180713	123841	3.14042788331923	N2250L556_NGM_B216	1174.342	473.349217638691	3428	1381.74494147824	24.8	50	Paris2	NGM	-1.86637549699812	-2.42711695626879	-0.842573476066675	-4.18475802205258	-0.354205023996987	-2.6224342460514	0.188872501002162	-0.514053162386637	-2.4604475188859	0.0507927350196464
B216-20180713_130742_proc	N2250L575	B216	20180713	130742	3.06134075811465	N2250L575_NGM_B216	1297.175	345.904430064709	4319	1151.7036895172	24.8	49	Paris2	NGM	-1.68265927602102	-2.25633423031675	-0.69527442672456	-3.39228308764931	-0.299265331454939	-1.72544814356715	0.0708212906690136	-0.407626001768542	-2.4046265820269	0.0458595635340834
B216-20180713_133052_proc	PBancL0	B216	20180713	133052	2.46165970258483	PBancL0_NGM_B216	1296.776	232.750326797386	1613	289.507422349105	24.8	49	Paris2	NGM	-0.984519513095423	-1.83134246107505	-1.23999347814011	-4.13685341084499	0.302204249368376	-1.64813916345856	-0.788589549604222	0.607008718216835	-3.1710387346835	0.0493288639502762
B216-20180713_141306_proc	N2ancL0	B216	20180713	141306	3.16017388815543	N2ancL0_NGM_B216	1152.624	258.927416009954	6437	1446.01862954101	24.7	48	Paris2	NGM	-1.3326978099005	-1.98600254368841	-1.20250839118831	-4.02800004835154	-0.550770798149283	-1.97312612156125	-0.641707737828197	0.258896439797437	-2.30421591582862	0.0513194743994176
B216-20180713_143248_proc	PB250L474	B216	20180713	143248	1.92922734496408	PB250L474_NGM_B216	1200.807	282.613793103448	361	84.962512135876	24.8	48	Paris2	NGM	-1.00690235373359	-1.85974291642675	-0.518419621372202	-3.82491484576705	0.826492666970129	-1.92777170378265	0.0582806561041434	-0.190892657854161	-3.37729208813985	0.0450786379310345
B216-20180713_145313_proc	N2250L546	B216	20180713	145313	3.160559861218	N2250L546_NGM_B216	1149.481	478.885672937771	3474	1447.30432933282	24.8	47	Paris2	NGM	-1.72485716723403	-2.27819662005461	-0.864234292734658	-4.71594924633317	-0.274034385163017	-3.12978262007472	-0.0430627987807938	-0.269689095964074	-2.47289092905045	0.0550185946925754
B216-20180713_151247_proc	PB250L448	B216	20180713	151247	2.74365035470012	PB250L448_NGM_B216	1147.317	265.035186488388	2399	554.179370117974	24.9	47	Paris2	NGM	-0.503088964129117	-1.52085540632355	-1.54463879755752	-6.01269809205284	-0.0875993183448571	-2.83531900807681	-1.63328708084387	1.36028301963648	-3.15706632415625	0.0550405774155995
B216-20180713_153222_proc	PB250L468	B216	20180713	153222	2.53594707029283	PB250L468_NGM_B216	1119.309	299.455326460481	1284	343.516079273246	24.9	47	Paris2	NGM	-1.03355141364007	-1.65099931645203	-0.755732349753371	-4.04288206170713	0.158522994653248	-2.40395997316244	-0.134358992554912	-0.158806441818434	-2.53916618655626	0.0586094803851641
B216-20180713_155127_proc	PB250L428	B216	20180713	155127	2.45974298679018	PB250L428_NGM_B216	1150.081	191.171136653895	1734	288.232525324611	25	47	Paris2	NGM	-0.88625095983425	-1.58596593058748	-1.34451935908778	-4.03213055775116	0.202181237768598	-1.74430599212699	-1.02716092415748	0.815091443341228	-3.09843842970359	0.0503077217563989
B216-20180713_161100_proc	PB250L447	B216	20180713	161100	3.03314820742695	PB250L447_NGM_B216	1286.946	229.818018664752	6044	1079.31498665038	24.9	47	Paris2	NGM	-1.09783968207647	-1.76157107242587	-1.26026837580996	-4.52208919824446	-0.384431280543989	-2.03504441534271	-0.959364581603243	0.629316796449714	-2.57659449689741	0.0531437792941176
B216-20180713_163250_proc	N2250L574	B216	20180713	163250	2.85328467634841	N2250L574_NGM_B216	1147.319	188.182595573441	4349	713.320452418981	25.1	47	Paris2	NGM	-0.678817291932237	-2.02186720549066	-1.17885411910796	-4.83460744586341	-0.148265703928687	-2.16430945887895	-1.14174799531866	0.936277660135634	-3.18712073803468	0.0530414101824274
B216-20180713_165222_proc	N2250L595	B216	20180713	165222	2.94956008356206	N2250L595_NGM_B216	1210.871	310.870042708969	3468	890.348607006612	25.2	46	Paris2	NGM	-0.834479930216123	-1.70539011534587	-0.949220577572704	-6.23637673510814	-0.150461929329633	-4.47746598818224	-0.801113252111221	0.498995835169456	-2.61799480076804	0.0631595818509615
